1 393
2 121
3 373
4 273
5 299
6 252
7 118
8 406
9 439
10 114
11 332
12 284
13 193
14 320
15 260
16 258
17 325
18 457
19 467
20 167
21 296
22 235
23 277
24 390
25 344
26 217
27 338
28 273
29 362
30 424
31 221
32 391
33 213
34 169
35 227
36 470
37 484
38 444
39 313
40 266
41 178
42 147
43 375
44 114
45 436
46 441
47 281
48 104
49 124
50 229
51 392
52 230
53 229
54 470
55 265
56 196
57 489
58 183
59 288
60 189
61 221
62 128
63 403
64 407
65 149
66 332
67 176
68 174
69 140
70 104
71 350
72 463
73 484
74 175
75 464
76 331
77 195
78 306
79 476
80 186
81 235
82 372
83 476
84 140
85 194
86 372
87 250
88 489
89 248
90 249
91 482
92 172
93 267
94 302
95 339
96 129
97 202
98 216
99 184
100 129
101 470
102 322
103 183
104 164
105 284
106 211
107 470
108 158
109 472
110 433
111 357
112 302
113 241
114 427
115 288
116 485
117 390
118 365
119 422
120 469
121 244
122 441
123 248
124 260
125 390
126 382
127 459
128 263
129 147
130 185
131 129
132 218
133 231
134 244
135 229
136 104
137 164
138 303
139 415
140 437
141 234
142 217
143 270
144 485
145 469
146 114
147 210
148 324
149 348
150 140
151 314
152 251
153 393
154 201
155 264
156 242
157 464
158 122
159 201
160 285
161 293
162 473
163 239
164 492
165 418
166 139
167 342
168 193
169 356
170 296
171 321
172 362
173 159
174 127
175 329
176 303
177 471
178 424
179 123
180 103
181 362
182 251
183 317
184 405
185 196
186 194
187 171
188 396
189 244
190 500
191 124
192 175
193 251
194 171
195 324
196 246
197 223
198 446
199 446
200 298
201 399
202 109
203 219
204 197
205 349
206 106
207 487
208 155
209 390
210 356
211 107
212 321
213 310
214 412
215 248
216 189
217 207
218 201
219 313
220 275
221 398
222 452
223 134
224 377
225 342
226 179
227 335
228 375
229 459
230 350
231 435
232 109
233 246
234 338
235 423
236 148
237 396
238 463
239 463
240 436
241 255
242 457
243 202
244 491
245 268
246 304
247 256
248 292
249 383
250 216
251 353
252 224
253 255
254 492
255 478
256 190
257 216
258 265
259 396
260 450
261 315
262 175
263 334
264 313
265 209
266 167
267 238
268 242
269 268
270 423
271 435
272 226
273 355
274 219
275 276
276 482
277 390
278 474
279 451
280 354
281 357
282 450
283 387
284 149
285 392
286 274
287 311
288 204
289 227
290 362
291 147
292 282
293 161
294 365
295 328
296 159
297 442
298 165
299 171
300 324
301 485
302 480
303 259
304 384
305 331
306 168
307 234
308 364
309 167
310 295
311 181
312 467
313 307
314 314
315 364
316 367
317 219
318 332
319 328
320 455
321 146
322 131
323 212
324 380
325 351
326 449
327 147
328 108
329 283
330 418
331 429
332 433
333 323
334 360
335 371
336 110
337 467
338 153
339 113
340 378
341 211
342 486
343 452
344 404
345 333
346 162
347 145
348 192
349 285
350 399
351 134
352 429
353 109
354 324
355 440
356 497
357 132
358 198
359 243
360 483
361 305
362 234
363 116
364 340
365 221
366 386
367 491
368 199
369 171
370 218
371 439
372 142
373 131
374 392
375 195
376 312
377 104
378 330
379 259
380 340
381 423
382 330
383 220
384 346
385 217
386 399
387 335
388 437
389 465
390 299
391 291
392 366
393 428
394 255
395 143
396 121
397 247
398 118
399 134
400 500
401 442
402 410
403 243
404 363
405 324
406 450
407 364
408 462
409 240
410 280
411 350
412 344
413 208
414 264
415 178
416 275
417 112
418 320
419 308
420 222
421 414
422 450
423 398
424 132
425 127
426 432
427 138
428 357
429 478
430 213
431 197
432 230
433 332
434 213
435 162
436 295
437 224
438 226
439 380
440 221
441 344
442 336
443 318
444 487
445 162
446 248
447 457
448 141
449 135
450 250
451 495
452 472
453 123
454 216
455 178
456 218
457 458
458 495
459 268
460 405
461 192
462 379
463 228
464 370
465 138
466 398
467 335
468 287
469 326
470 234
471 175
472 353
473 341
474 208
475 124
476 313
477 157
478 376
479 107
480 407
481 372
482 149
483 256
484 389
485 358
486 193
487 140
488 145
489 285
490 121
491 156
492 382
493 113
494 177
495 447
496 204
497 229
498 405
499 280
500 188
501 238
502 379
503 336
504 149
505 400
506 303
507 260
508 213
509 297
510 311
511 354
512 313
513 277
514 219
515 251
516 365
517 202
518 200
519 234
520 497
521 159
522 386
523 458
524 168
525 494
526 252
527 309
528 343
529 157
530 381
531 134
532 282
533 352
534 307
535 449
536 248
537 460
538 152
539 320
540 172
541 153
542 152
543 456
544 441
545 272
546 120
547 491
548 198
549 218
550 499
551 356
552 206
553 378
554 104
555 374
556 211
557 219
558 323
559 438
560 488
561 253
562 415
563 490
564 183
565 484
566 164
567 286
568 152
569 292
570 391
571 254
572 346
573 479
574 268
575 298
576 164
577 378
578 114
579 497
580 362
581 311
582 201
583 459
584 357
585 486
586 161
587 307
588 166
589 172
590 197
591 138
592 333
593 455
594 271
595 323
596 443
597 465
598 336
599 284
600 137
601 170
602 143
603 293
604 417
605 312
606 249
607 289
608 160
609 294
610 339
611 238
612 305
613 384
614 227
615 151
616 202
617 163
618 249
619 270
620 352
621 456
622 450
623 148
624 330
625 494
626 120
627 296
628 445
629 108
630 462
631 359
632 216
633 327
634 420
635 430
636 364
637 167
638 255
639 304
640 223
641 404
642 137
643 105
644 457
645 192
646 344
647 390
648 114
649 373
650 108
651 209
652 392
653 121
654 412
655 410
656 199
657 110
658 311
659 231
660 219
661 469
662 345
663 376
664 254
665 252
666 329
667 387
668 341
669 172
670 376
671 245
672 267
673 351
674 306
675 121
676 408
677 191
678 105
679 110
680 406
681 177
682 168
683 225
684 474
685 229
686 318
687 160
688 137
689 415
690 396
691 188
692 407
693 217
694 380
695 190
696 190
697 148
698 173
699 421
700 201
701 374
702 238
703 144
704 336
705 126
706 336
707 437
708 422
709 303
710 403
711 296
712 379
713 211
714 196
715 147
716 243
717 407
718 415
719 197
720 373
721 496
722 178
723 231
724 118
725 269
726 124
727 105
728 365
729 428
730 440
731 463
732 489
733 344
734 265
735 314
736 249
737 445
738 429
739 125
740 195
741 395
742 157
743 263
744 464
745 282
746 316
747 248
748 196
749 219
750 218
751 109
752 420
753 361
754 278
755 493
756 363
757 366
758 252
759 114
760 182
761 206
762 165
763 191
764 360
765 283
766 416
767 202
768 318
769 256
770 249
771 345
772 162
773 414
774 168
775 287
776 143
777 443
778 188
779 164
780 126
781 154
782 284
783 330
784 428
785 259
786 439
787 158
788 238
789 148
790 435
791 421
792 100
793 336
794 219
795 226
796 465
797 351
798 224
799 109
800 378
801 267
802 143
803 170
804 219
805 277
806 172
807 240
808 103
809 161
810 425
811 208
812 301
813 358
814 381
815 494
816 236
817 136
818 410
819 397
820 190
821 466
822 213
823 268
824 186
825 277
826 181
827 101
828 404
829 265
830 487
831 426
832 201
833 500
834 471
835 296
836 260
837 227
838 391
839 213
840 420
841 112
842 430
843 134
844 177
845 363
846 370
847 177
848 104
849 154
850 226
851 308
852 481
853 137
854 144
855 324
856 357
857 400
858 165
859 317
860 111
861 245
862 223
863 125
864 402
865 469
866 380
867 419
868 457
869 437
870 170
871 406
872 444
873 126
874 140
875 316
876 390
877 256
878 123
879 225
880 180
881 328
882 243
883 302
884 325
885 414
886 161
887 111
888 233
889 281
890 266
891 228
892 141
893 116
894 347
895 455
896 277
897 254
898 163
899 189
900 460
901 464
902 219
903 477
904 305
905 479
906 374
907 132
908 444
909 177
910 104
911 355
912 205
913 122
914 406
915 497
916 413
917 217
918 312
919 169
920 479
921 310
922 283
923 175
924 149
925 173
926 113
927 468
928 247
929 115
930 306
931 477
932 348
933 209
934 325
935 378
936 202
937 115
938 498
939 399
940 472
941 298
942 429
943 259
944 191
945 351
946 246
947 450
948 182
949 483
950 275
951 178
952 349
953 173
954 497
955 136
956 302
957 202
958 391
959 233
960 109
961 170
962 452
963 484
964 240
965 323
966 139
967 337
968 305
969 387
970 192
971 433
972 433
973 183
974 388
975 324
976 254
977 147
978 186
979 442
980 272
981 127
982 212
983 475
984 178
985 473
986 208
987 500
988 128
989 265
990 415
991 204
992 339
993 265
994 129
995 217
996 485
997 211
998 228
999 320
1000 128
